type      = 1 # LINEAR_RAS_TO_RAS
nxforms   = 1
mean      = 0.0000 0.0000 0.0000
sigma     = 1.0000
1 4 4
1.068040270491226e+00 -1.752559919691720e-02 3.734957576200795e-02 -1.658043594297354e+00
-1.889844549289513e-03 1.022115018484592e+00 2.366087922101514e-01 -2.158154413211471e+01
-1.386511172819245e-02 -2.718080036991821e-01 1.088855141501476e+00 6.039252035211149e-01
0.000000000000000e+00 0.000000000000000e+00 0.000000000000000e+00 1.000000000000000e+00
src volume info
valid = 1
filename = none
volume = 208 240 256
voxelsize = 1.000000000000000e+00 1.000000000000000e+00 1.000000000000000e+00
xras   = 9.994430104758512e-01 -2.044248118972363e-02 2.637752402662131e-02
yras   = 2.412300820300745e-02 9.887293039997170e-01 -1.477580586210880e-01
zras   = -2.305968963808543e-02 1.483120641587967e-01 9.886717262765999e-01
cras   = 3.895314723253250e+00 2.098718586564064e+01 -2.433468261361122e+01
dst volume info
valid = 1
filename = none
volume = 182 218 182
voxelsize = 1.000000000000000e+00 1.000000000000000e+00 1.000000000000000e+00
xras   = -1.000000000000000e+00 0.000000000000000e+00 0.000000000000000e+00
yras   = 0.000000000000000e+00 1.000000000000000e+00 0.000000000000000e+00
zras   = 0.000000000000000e+00 0.000000000000000e+00 1.000000000000000e+00
cras   = -1.000000000000000e+00 -1.700000000000000e+01 1.900000000000000e+01
